40
74
42
220
102
97
155
235
223
19
164
47
135
88
204
76
220
236
159
113
247
148
72
207
199
154
120
144
248
42
0
62
74
244
1
167
30
129
3
99
147
42
230
171
0
91
27
253
20
234
147
170
73
198
224
87
114
131
192
95
184
150
109
198
210
162
217
167
2
151
71
48
86
177
60
1
55
95
214
125
111
66
181
235
172
202
27
149
64
104
43
235
225
223
205
178
141
68
219
194
114
49
138
228
153
157
193
126
144
105
139
173
238
106
70
109
229
20
222
72
210
106
232
238
217
121
23
208
80
73
217
169
216
206
77
25
70
204
204
113
32
87
92
220
172
30
72
92
214
243
