14
181
110
68
82
7
94
130
60
215
196
204
69
175
112
235
39
252
36
201
201
48
109
115
191
239
31
251
3
225
219
129
162
102
253
152
10
214
22
89
14
27
151
12
1
249
176
250
56
47
231
95
199
162
147
119
209
205
214
178
105
253
6
34
73
22
15
76
138
97
5
100
130
182
139
189
20
182
67
215
40
12
226
221
6
250
6
113
106
174
2
131
41
145
238
214
27
71
14
72
36
228
80
11
208
67
143
104
110
47
227
39
122
192
199
92
1
251
48
119
23
97
148
88
49
29
159
30
136
120
170
108
196
132
189
104
16
51
41
93
34
195
75
106
175
113
152
66
255
156
